0.51725821710867636582520  0.81368449964903710736053
0.84429456465346230942259  0.61345255897701955749568
0.88424329355754260895139  0.67302468947416604905243
0.38154240546891687868580  0.87478255561998352618502
0.52415540025025175729922  0.87279885250404365404364
0.63979003265480516304820  0.21594897305215612903773
0.66020691549424725952377  0.05941953794976653074889
0.05490279854731894976227  0.97946104312265391822478
0.05652027954954680355470  0.03506576738792077652107
0.07132175664540543746917  0.86172063356425676605710
0.81905575731681268258910  0.36545915097506637136959
0.59999389629810484514394  0.63539536729026158123901
0.76851710562456132525000  0.13071077608569597883204
0.62697225867488637351954  0.15491195410016175837420
0.16739402447584458832885  0.22458571123386333878713
0.00366222113711966307248  0.30140079958494825351778
0.08130130924405652714793  0.10910367137668995629607
0.94973601489303260958508  0.02322458571123386245061
0.15622425000762962810086  0.43046357615894037529358
0.30036317026276437847088  0.12875759147923215852671
0.09353923154393140038110  0.40226447340311899392162
0.02883999145481734582841  0.98709067049165322149662
0.60316782128360846293447  0.36292611468855862089100
0.07583849604785301845578  0.79329813531907100720986
0.11642811365092928244103  0.41294595171971798519550
0.01638843958861049138198  0.55442976165044099978729
0.04037598803674428277199  0.53859065523239846307035
0.59624011963255718615784  0.45243690298165839536182
0.83382671590319523691193  0.12805566576128421529823
0.66847743156224248561870  0.74016541032135985123119
0.68721579638050478422429  0.28666035950804164000871
0.56178472243415633613495  0.82714316232795193073457
0.08731345561082796968844  0.85686819055757312835198
0.41175572985015412852405  0.71065401165807062788815
0.04770043031098360891695  0.54979094821008944737883
0.48594622638630330380138  0.40903958250679034458486
0.28662984099856564368380  0.09430219428083132238161
0.03482161931211279898291  0.55323953978087714311584
0.13342692342905973501566  0.80986968596453745572461
0.69908749656666768768076  0.79247413556321910643732
0.44462416455580311414053  0.50935392315439309562919
0.00469985045930356760968  0.17090365306558427671568
0.31104464857936336974475  0.13861507003997924902805
0.97756889553514203505813  0.13132114627521590533021
0.83736686300241092162366  0.05807672353282265775842
0.40803247169408246586286  0.30167546617023222044196
0.77492599261452066450317  0.37360759300515761216488
0.79754020813623460739450  0.72139652699362166732300
0.28943754387035736108658  0.22214423047578354952769
0.51771599475081642172114  0.66322824793237100671206
0.64485610522782066400538  0.41892757957701343141110
0.21393475142674031608259  0.70711386455885494317641
0.08410901211584825842849  0.37202063051240574775846
0.98416089358195746328306  0.22226630451368756258290
0.68877224036378059679464  0.67094943082979829895862
0.36426892910550251469814  0.91369365520187995066692
0.49830622272408214845640  0.25519577623828854084920
0.65172276985992005915449  0.58931241798150579835891
0.67030854213080237613553  0.56913968321787167248260
0.59770500808740500975347  0.80422376171147802459416
